n			Valor da Integral	Epsilon					Valor da Integral	Epsilon				
			(Single Precision)	(Single Precision)		(Double Precision)	(Double Precision)
--------------------------------------------------------------------------------------------------
4			165581.53677777873	0.12299105012289263		317470.75750470208	0.91730771245811438
8			317470.75750470208	0.91730771245811438		564418.4968442336	0.77785979811344974
16			564418.4968442336	0.77785979811344974		676339.48653815722	0.19829433358349208
32			676339.48653815722	0.19829433358349208		693551.87479587749	0.025449332177575289
64			693551.87479587749	0.025449332177575289	696435.38221540174	0.0041575944414726116
128			696435.38221540174	0.0041575944414726116	697125.46350502595	0.00099087626396726744
256			697125.46350502595	0.00099087626396726744	697297.18773743382	0.00024633188916162836
512			697297.18773743382	0.00024633188916162836	697340.07821792003	6.1509613462489368e-05
1024		697340.07821792003	6.1509613462489368e-05	697350.79840881948	1.5372974011249254e-05
2048		697350.79840881948	1.5372974011249254e-05	697353.47830626555	3.8429689220745033e-06
4096		697353.47830626555	3.8429689220745033e-06	697354.14827126078	9.6072510724750079e-07
8192		697354.14827126078	9.6072510724750079e-07	697354.31576192449	2.4018020703053478e-07
16384		697354.31576192449	2.4018020703053478e-07	697354.35763455508	6.0044986670152743e-08
32768		697354.35763455508	6.0044986670152743e-08	697354.36810271034	1.5011242343947961e-08
65536		697354.36810271034	1.5011242343947961e-08	697354.370719734	3.7527887859074797e-09
131072		697354.370719734	3.7527887859074797e-09	697354.3713739909	9.3819861193362002e-10
262144		697354.3713739909	9.3819861193362002e-10	697354.37153757398	2.3457669680711128e-10
524288		697354.37153757398	2.3457669680711128e-10	697354.3715784736	5.8649683159897092e-11
1048576		697354.3715784736	5.8649683159897092e-11	697354.37158868206	1.4638840720101733e-11
2097152		697354.37158869009	1.4650359479477798e-11	697354.37159128336	3.7302417138315062e-12
4194304		697354.37159132212	3.7743134888348872e-12	697354.37159181992	7.6941973859858039e-13
