0.028488 35.3355510594 0.226143925635
0.050043 36.6754415683 0.167114251513
0.052926 36.8168806729 0.155866408242
0.070086 37.4403208027 0.158669048234
0.062668 37.4803312569 0.156270379521
0.087589 38.2312880884 0.189597973592
0.078577 37.4880153326 0.155790553548
0.017227 34.6528548205 0.199535140164
0.042233 36.3351409577 0.167648033398
0.045295 36.6329198059 0.165271499987
0.03648 35.9028802813 0.170400148449
0.019599 34.5849105142 0.184736519598
0.100915 38.4564792878 0.167818465426
0.027342 35.0742634622 0.175738040875
0.074605 37.5857951062 0.160110641392
0.026489 35.4739511994 0.19147874559
0.049922 36.5637135925 0.162480236617
0.030604 35.5474875749 0.173537588946
0.016345641 34.0357608093 0.14402997371
0.0154363 33.9288622487 0.149773066605
0.030529 35.5987234724 0.0905547451176
0.024525 35.0588114943 0.10395529982
0.023953 34.9628931602 0.108670309216
0.026038 35.3604256119 0.110164462529
0.048948 36.7224923466 0.175878781605
0.024314 35.0989067311 0.184772695826
0.015166 34.0945752677 0.21780640315
0.03572 35.9784201813 0.17455423199
0.048818 36.3736376383 0.163660035553
0.0219800059146 34.8477997627 0.190634594378
0.0275 35.6443099344 0.179523627555
0.1244 39.0474440635 0.167742220247
0.036 35.8166920463 0.171121785922
0.01673 34.2137334689 0.212053128352
0.016321 33.9968666808 0.207622958381
0.021793 34.9662747364 0.231469837469
0.01645 34.1782747061 0.250007930671
0.023208 35.0760231692 0.230453431037
0.036457 36.1310606977 0.216601021623
0.019264 34.9290818261 0.239750047895
0.017605 34.3341878854 0.270777214079
0.031528 35.7209576638 0.224419994663
0.023536 35.1655185904 0.233717264297
0.016743 34.0023106368 0.247451826306
0.05371 36.47359007 0.220796341332
0.016991 34.3727214476 0.308392297269
0.027865 35.079691262 0.221390433935
0.017173 34.2567548437 0.247302669853
0.029955 35.9695297947 0.223360506658
0.016559 34.3359548469 0.25040542174
0.015 34.1611242178 0.160930618134
0.0544 36.9482868597 0.0851859276563
0.1561 39.227736887 0.0831803243516
0.0393 36.3296338828 0.0983616480332
0.1241 38.8089373233 0.110959981085
0.1441 38.8286718588 0.156387993518
0.1299 38.9767208561 0.129040616704
0.0784 37.6784334873 0.0863760987398
0.0583 37.0227081887 0.199697931638
0.0309 35.9151154293 0.176677068679
0.0406 36.3635574234 0.164649900237
0.0152 34.0128062018 0.209050001205
0.0224 34.9604436109 0.232580853069
0.016 34.1665118574 0.215338744788
0.0362 35.9818330401 0.164155647932
0.0173 34.2481675909 0.210066600914
0.0312 35.6190668111 0.173133567729
0.0221 34.8880671183 0.183198718389
0.016 33.8142603068 0.201710026772
0.0249 34.7844502384 0.187033320457
0.0303 35.6227445028 0.169350596107
0.0283 35.5095000297 0.172739361028
0.0152 34.2611733597 0.236356060735
0.0345 35.9597476335 0.205416560749
0.036 35.6729412003 0.171522593533
0.0248 35.2550362369 0.177535782419
0.0292 35.9909847314 0.167312607114
0.0163 34.428922484 0.206892325236
0.0187 35.0398652996 0.190583331504
0.0195 34.7556470033 0.191040914154
0.0256 35.6821627437 0.179228108521
0.0337 35.8268020378 0.172930780679
0.0546 36.6034159881 0.16950794454
0.024 35.1708581962 0.189072007408
0.0336 36.0054974141 0.181737645865
0.0341 35.8323574252 0.167946113517
0.0261 35.3540611638 0.185600393489
0.0211 34.6494717372 0.18146401803
0.0321 35.8862461317 0.166313999169
0.0221 34.9213754902 0.182214269008
0.0298 35.506995688 0.209882805071
0.0334 35.8612155366 0.168522663763
0.0284 35.5704019595 0.168292526178
0.0341 35.942753551 0.165324028128
0.045 36.5991688426 0.155012862381
0.0421 36.4032354598 0.162357046505
0.0576 37.1076369832 0.153692702221
0.033 35.9894165447 0.164165671037
0.0753 37.6492880383 0.152378958895
0.0204 34.7125139232 0.188558589288
0.0205 34.5973526852 0.184564810559
0.0402 36.3669644792 0.162967150273
0.026 35.3618288289 0.176878840961
0.0259 35.4093397274 0.171154394323
0.0268 35.3032674902 0.17097815303
0.0239 35.0233196812 0.174177026864
0.069 37.5632893538 0.169085209011
0.0651 37.3353162366 0.154689426092
0.0229 35.1846393132 0.178350941227
0.018 34.3947741135 0.190930640521
0.0315 35.6474839975 0.163304382923
0.0215 34.9211199992 0.180036324178
0.0255 35.6747779958 0.189515900553
0.0325 35.7976725473 0.162662308732
0.0843 38.0527926414 0.193449865152
0.0308 35.6124448286 0.171179303431
0.0327 36.0723318412 0.161712348214
0.0423 36.3883376162 0.16403631389
0.0684 37.7252349619 0.162821861461
0.0153 34.6566486547 0.207155778089
0.0233 34.8677153894 0.176317048358
0.0491 36.7199743885 0.168279067414
0.0425 35.9144831533 0.188970108359
0.0192 34.7285878322 0.191424646957
0.0308 35.7737272495 0.165778427196
0.0212 34.8346147484 0.18474579249
0.0277 35.685542453 0.176243118914
0.0335 35.9646644449 0.162762916979
0.0208 34.7963237588 0.195361399576
0.0173 34.2290778645 0.215091501139
0.036 36.1419516923 0.169897387897
0.0233 35.192149373 0.178698403151
0.0589 37.1375683747 0.157634614976
0.0583 37.0511345128 0.160351225061
0.0688 37.4743372416 0.191426088364
0.0321 35.624004108 0.167577472063
0.0522 36.6643549794 0.182864275271
0.0308 35.5802476433 0.164890394315
0.0329 35.9289937858 0.162681757891
0.023 35.066402753 0.179840694371
0.015 34.3704032433 0.211404589303
0.0321 35.8655549482 0.166296974492
0.0643 37.1708016197 0.158132776968
0.032 35.8135243381 0.186494110705
0.0209 34.6890069038 0.187650195008
0.0219 34.8412253332 0.181514604995
0.032 35.5819126039 0.165934850147
0.0151 34.5091434423 0.207587590171
0.0192 34.4813665248 0.190576794911
0.0266 35.3141855009 0.170306255652
0.0377 35.7917282129 0.290373531881
0.0247 34.9096518953 0.174379321042
0.0242 35.197313794 0.172887454113
0.0366 35.969795049 0.16122683881
0.0229 35.130731713 0.175847772194
0.0312 35.880989798 0.166284241086
0.015 34.0863548459 0.207266601483
0.0341 35.7604333404 0.170422924262
0.0251 34.9393048575 0.171895520078
0.0189 34.3767780517 0.20380344245
0.065 37.3262250234 0.120378117628
0.147 39.5592698132 0.121080634003
0.13 38.9057647374 0.135784293243
0.104 38.5020998563 0.12064387065
0.244 40.1393375624 0.150780305961
0.3 41.0666243477 0.215824546738
0.045 36.393636275 0.127260196442
0.114 38.5632028326 0.120017551192
0.258 40.6227568239 0.157083138554
0.297 41.1521879097 0.215462354547
0.382 41.6800684404 0.220813701877
0.147 39.0624777172 0.126442356391
0.274 40.7342862612 0.164190866001
0.299 40.786167145 0.204243298637
0.38 41.5943818036 0.197647141922
0.382 41.2798844609 0.199423960287
0.303 41.4958048947 0.246333608197
0.35 41.3186791849 0.218357189469
0.087 37.9849524764 0.117239118491
0.262 40.5403068912 0.142760435008
0.217 40.3106668232 0.140960118616
0.119 38.5741014523 0.114480614211
0.183 39.6049215973 0.120171462823
0.359 41.3392339457 0.202932960788
0.143 39.2819503516 0.12033040226
0.262 40.8215974583 0.149344667277
0.234 40.2129770735 0.152379820049
0.153 39.1872750155 0.114718538439
0.095 38.1877012201 0.118788973643
0.288 41.0542374079 0.134501367232
0.195 39.9663270466 0.127181263793
0.148 39.3027549618 0.112499009039
0.213 40.5699103652 0.16065563488
0.181 39.6471841809 0.116442235995
0.265 40.7841092312 0.128294661027
0.193 40.0333916493 0.121960815999
0.34 41.3167357808 0.17167768821
0.118 38.7531726515 0.114590986149
0.143 39.1375855648 0.114524011818
0.162 39.3037024249 0.119565350744
0.29 40.8596631914 0.150676952536
0.124 38.8075567467 0.122100457699
0.265 40.5592893806 0.140962475796
0.127 38.7165439115 0.120227176144
0.174 39.5156068266 0.114282533804
0.165 39.4205055796 0.113957220599
0.251 40.7874215484 0.133182501728
0.259 40.6700406667 0.136851565925
0.108 38.6596242466 0.118564236278
0.161 39.3773509139 0.115619678811
0.206 40.0315745848 0.124355782411
0.245 40.2148561368 0.12515209647
0.25 40.2851903681 0.126539062794
0.23 40.2680210961 0.122886919759
0.087 37.9819349544 0.113367509506
0.063 37.1535798244 0.116292465656
0.279 40.8489855129 0.170515825332
0.277 40.7532140999 0.143749208555
0.156 39.3285968248 0.116301202618
0.332 41.2409920908 0.157824605437
0.363 41.396805305 0.167338045039
0.332 41.0563346847 0.153791748359
0.146 39.3150656135 0.113634577753
0.39 41.6178771066 0.202376651268
0.175 39.5466952992 0.129902757627
0.301 40.8576976883 0.152785577721
0.117 38.7723677225 0.113090217803
0.22 40.2077951229 0.117918087643
0.121 38.7645868009 0.111553736186
0.156 39.3526221585 0.112833879905
0.41 41.8584359733 0.208370772279
0.179 40.0988547901 0.125612605347
0.252 40.7555023446 0.121669684179
0.253 40.5530673076 0.119228104024
0.393 41.5147227504 0.171808246679
0.13 38.8646925888 0.110314772736
0.401 41.7503175801 0.20749905315
0.311 41.0341628563 0.135622441007
0.172 39.4855106255 0.117223091751
0.28 40.7832381081 0.13095448346
0.31 40.9195402038 0.177971613506
0.187 39.8366280383 0.12145112418
0.067 37.3759156237 0.118306255874
0.318 41.4006012087 0.192756486723
0.259 40.6017587956 0.132143781265
0.3 41.045986724 0.155174252389
0.272 40.6829741028 0.146266612538
0.281 40.5154942024 0.139677729246
0.294 40.9271885736 0.142023222928
0.19 39.7779949203 0.120475217309
0.267 40.5175395642 0.125621852074
0.125 38.7102646797 0.11193654747
0.184 39.8151415007 0.114893026219
0.314 41.0285113011 0.140263606877
0.311 41.210916386 0.154509467451
0.09 37.8397856085 0.118243252284
0.404 41.9224021245 0.212015765825
0.202 39.8812126015 0.133809098038
0.328 40.9849963429 0.144862922481
0.213 39.9909774034 0.11609784707
0.181 39.7491170234 0.117868646113
0.094 38.2966544602 0.115343190964
0.304 41.0429300945 0.135822682884
0.11 38.6660439788 0.120481707591
0.087 38.0070616987 0.118814561252
0.204 39.9944125695 0.129617980863
0.198 39.9334159336 0.13579473086
0.128 38.9203810159 0.124812931046
0.216 40.2168645316 0.117827563103
0.322 41.1205696642 0.135100374854
0.219 40.2294909454 0.12534004292
0.191 39.9496020384 0.120534772995
0.094 38.1541733477 0.119858620288
0.381 41.4455391404 0.148158100576
0.212 39.9869791346 0.121635351197
0.368 41.8848542117 0.199892747232
0.422 42.1513901027 0.203900920127
0.259 40.6523430162 0.1381090777
0.185 39.7133625937 0.124767998966
0.214 40.0983712623 0.132159093773
0.361 41.1643837956 0.176630102674
0.395 41.7971037106 0.152039612546
0.116 38.7000698518 0.114183512043
0.145 39.1892893551 0.117222451448
0.254 40.5264639914 0.145717293983
0.389 41.9150400049 0.188189991384
0.35 41.3091071435 0.178077262302
0.257 40.4975321919 0.152073477348
0.218 40.3796999961 0.154102535988
0.43 41.3250227805 0.36344840931
0.62 43.2414539718 0.395579278552
0.57 42.5033997022 0.395227786467
0.3 40.978473029 0.320340946007
0.38 42.0839004042 0.333518201962
0.43 42.4243368959 0.466023796791
0.24 40.7410932476 0.408470067632
0.44 42.0682788206 0.32528185368
0.5 42.3772235339 0.322646999342
0.97 42.8096709251 0.818432977093
0.479 42.3725071675 0.363960881605
0.83 43.5528793931 0.476221516489
0.416 42.4507674693 0.566269702273
0.581 42.0658249423 0.511751148392
0.45 41.8473340603 0.45952604589
0.579 43.2099933879 0.653193752978
0.32 41.2583245282 0.426633125026
0.657 42.984995669 0.668671821574
0.43 41.7782581789 0.619060682936
0.472 41.9753335602 0.522213466148
0.374 43.2038030699 0.943967733848
0.18 40.2161567859 0.452691548423
0.55 44.3775825486 1.02320057236
0.592 44.1658958719 0.727363486932
0.172 39.3060887655 0.436282215602
0.526 41.9606135946 0.521010819611
0.763 44.5058457473 0.909043307134
0.58 43.3165540203 0.526483896531
0.43 41.8021270066 0.465243749852
0.45 42.2798419395 0.598757469559
0.656 43.163757796 0.635534544683
0.495 42.1349159624 0.449365583478
0.49 41.7890062516 0.452457762216
0.57 42.6854322147 0.476394763516
0.388 42.2304967413 0.471680427567
0.45 42.4252888348 0.51587600329
0.48 42.1742925555 0.529360126953
0.615 42.5543829775 0.564010349483
0.4 42.3331570972 0.483871492231
0.655 42.3212910372 0.503703328639
0.498 42.9963723488 0.652414722917
0.465 41.8196468352 0.610115606889
0.453 42.8441573957 0.532970328234
0.425 41.2107609985 0.494543625705
0.514 42.8072073246 0.506403802203
0.423 41.5784932046 0.2534244988
0.859 44.1117949333 0.302526442652
0.936 43.3110517598 0.717608197762
0.528 42.4736471276 0.250124518086
0.978 43.5101906132 0.298988010763
0.885 44.207875513 0.29259857127
0.815 44.0859183588 0.746941209578
0.698 43.7942852172 0.440949943442
0.568 42.7280926842 0.295573375025
0.711 43.5871786373 0.37487817081
0.3396 41.0979300094 0.232651192244
0.3965 41.4943125288 0.207508245548
0.812 43.6655368654 0.386258428909
0.799 43.3737484585 0.238374333285
0.882 43.3697792983 0.597150330975
0.833 43.6994307822 0.531348208869
0.874 43.2887235894 0.395564414276
0.772 43.5326743178 0.223384059982
0.178 39.4462680572 0.243792731173
0.26 40.8362001457 0.207808738715
0.186 39.7205596334 0.197085550242
0.269 40.7878025381 0.264144092838
0.215 40.3913025086 0.201887086183
0.543 42.4924155173 0.0965091021297
0.75 43.2578441337 0.137773519339
0.64 42.7777247214 0.189960701162
0.43 42.1996725697 0.148525009826
0.64 43.1807709647 0.194442979286
0.497 42.3326264116 0.168225439785
0.44 42.012529312 0.106490971154
0.355 41.3484969437 0.203457956158
0.78 43.6120619833 0.171350462953
0.54 42.4390506937 0.11058193483
0.86 43.9375562435 0.172897098508
0.468 42.5493325602 0.165250052616
0.84 43.9018471523 0.225125911159
0.96 43.6192033448 0.278620780131
0.8218 43.8124852428 0.215627670046
0.93 43.560407391 0.293679174465
0.451 41.7962473711 0.144017146978
0.61 42.9023716786 0.15737107879
0.83 44.0535603584 0.211176417394
0.707 43.3156514414 0.259277417037
0.415 41.8744251286 0.141995153329
0.557 42.5769689992 0.158128342293
0.791 43.5871216709 0.203347956975
0.695 43.2116658024 0.207672991039
0.633 43.0819715543 0.171303725502
0.2486 40.6239072462 0.156001611413
0.532 42.5758707909 0.167913176451
0.331 41.0697589526 0.13852607255
0.346 41.3543412802 0.153627203737
0.961 44.2645401128 0.345401297016
0.613 42.9845810521 0.166247667787
0.3402 41.3549032931 0.136350904009
0.983 44.1893249256 0.441320917548
0.71 43.0248980987 0.185960509148
0.73 43.3070687497 0.196706401553
0.47 42.1421923658 0.154395011149
0.62 43.0397842919 0.171049818244
0.521 42.1985723808 0.162167199818
0.369 41.6294017233 0.15383794776
0.571 42.4289650526 0.175419559321
0.604 42.5524984575 0.160870192314
0.9271 43.9666494559 0.290419777723
0.285 40.8511146401 0.137402734867
0.2912 40.8220972223 0.147860252643
0.548 42.2963775812 0.190445811927
0.868 43.5171093106 0.249257746544
0.496 42.2096742771 0.154020408449
0.811 43.4274096531 0.212840468683
0.756 43.841972097 0.194569634979
0.817 43.6787360537 0.212381883478
0.752 43.3334915384 0.20904577048
0.5516 42.2898806519 0.150278973145
0.3578 41.4214717885 0.136956742249
1.01 44.0371993632 0.380891045794
0.741 43.7160273544 0.225350070805
0.43 41.8054832197 0.152228805806
0.526 42.4095309248 0.168434413662
0.592 42.5652698448 0.173662227482
0.905 43.6621900525 0.260816306234
0.949 43.4319714347 0.288339749303
0.4607 42.0972776673 0.180730669073
0.3709 41.6640301668 0.155882980598
0.8 43.7102538752 0.217280907113
0.679 43.4861035947 0.197639177097
0.5817 42.6983720673 0.160984148284
0.55 42.2953525972 0.156209026367
0.81 43.3737778575 0.215181910354
0.95 43.9924930818 0.29513371916
0.3373 41.3217710555 0.138055963607
0.91 44.3268198751 0.270806993269
0.263 40.6244185037 0.135415118781
0.643 43.0199766985 0.167688951886
0.691 43.0987782021 0.256534768993
0.357 41.4503101861 0.13857499344
0.721 43.1874760163 0.188595219767
0.581 42.7733707088 0.156453875009
0.6268 42.787445377 0.158306777046
0.818 43.4040974169 0.27125777036
0.4627 42.0541814484 0.148626981409
0.449 42.0196027616 0.158124901298
0.688 43.0704958563 0.166956993834
0.87 44.2406074622 0.281601232201
0.5043 42.365523828 0.15061141667
0.591 43.2254104475 0.308183442634
0.426 41.7735214129 0.22595475705
0.329 41.3426796309 0.273050416654
0.583 42.4054033796 0.288536338632
0.519 43.0843340799 0.316956305777
0.401 41.7052599054 0.23053144449
0.205 39.9080744849 0.219199816494
0.34 41.2288219413 0.229672711685
0.436 41.8946716216 0.217391698785
0.363 41.5682803687 0.20891536552
0.436 41.9353580779 0.2294063655
0.309 41.1833648256 0.238102446996
0.342 41.3961782167 0.215459944632
0.159 39.4107379798 0.246358907571
0.332 41.2676756269 0.240709017167
0.469 42.3702690971 0.283065430909
0.239 40.2574128205 0.205242395733
0.352 41.4318861711 0.225170628892
0.612 42.8246855768 0.284735745242
0.631 42.3865265731 0.245972086709
0.645 42.8351146004 0.23539370649
0.429 41.9059782715 0.216241856053
0.497 42.0884631073 0.222751847877
0.539 42.2377984208 0.243223346147
0.561 42.885843734 0.307329015793
0.41 41.3581075779 0.259435785458
0.412 41.4232510759 0.315186986894
0.599 42.7610577503 0.386382183638
0.619 43.0710915246 0.249438141428
0.422 41.7458788277 0.232044816512
0.54 42.5245932467 0.284960259957
0.401 42.5627722403 0.371779826612
0.218 40.0720006034 0.224122410473
0.633 42.210722156 0.261565759588
0.383 41.6620032351 0.253453216931
0.302 41.2957407355 0.275320135034
0.34 41.0820238262 0.232764787176
0.51 41.8887223665 0.227776883863
0.421 42.1362463861 0.325882220619
0.399 41.4864269384 0.296231218043
0.493 42.1528623126 0.265794738732
0.687 43.0153077416 0.286826360161
0.687 42.8464372814 0.274033552724
0.495 42.259591209 0.233155755193
0.603 42.657813727 0.280738355979
0.421 42.1973742088 0.23465390113
0.348 41.5970773005 0.218430762841
0.213 40.1001985435 0.225411924471
0.344 41.1905064352 0.210577314192
0.271 40.5328864644 0.217182931008
0.564 42.3924561345 0.296179216596
0.274 40.7263236177 0.209762707255
0.181 39.6956112205 0.229723298662
0.582 43.1797675167 0.327843886551
0.68 42.9107934322 0.292732159101
0.401 41.9343745013 0.336024813008
0.416 41.5401633967 0.304687254477
0.286 41.2113198625 0.260077754247
0.562 43.069622149 0.336087850286
0.266 40.3605248738 0.2525260008
0.314 41.2482461469 0.243685251902
0.581 43.6987176723 0.394367550265
0.463 41.9498405771 0.268565103689
0.341 41.0072769026 0.225338954944
0.631 42.8981977617 0.235138397674
0.522 42.6951558939 0.248621683092
0.368 41.4880607389 0.207836005267
0.309 40.876793648 0.215775825102
0.528 42.3751743659 0.303416211397
0.216 40.4037818654 0.217189018845
0.284 40.8493617042 0.207444974165
0.508 42.2037743798 0.232554896589
0.781 43.4540256112 0.325104262678
0.613 42.6305005668 0.261568700364
0.278 40.5752670828 0.20080587099
0.477 42.0650099983 0.185467817051
0.95 43.6483165605 0.30169867661
1.057 44.1666838278 0.240606195136
0.816 43.7075622463 0.466035003635
0.455 42.3383621215 0.232259103398
1.02 44.2946061494 0.208732914262
1.14 44.2601276384 0.216820067565
0.854 43.6206227915 0.213134015411
1.37 45.0317825245 0.244915950922
0.975 44.2680083865 0.198885573363
0.97 44.481706307 0.282255398884
0.74 43.3016559562 0.183311419886
1.39 44.8354256258 0.238383165249
0.46 42.143982369 0.196808697491
1.02 44.0808776922 0.2262922033
1.12 44.438447316 0.21187088553
1.23 44.9361444895 0.222899260788
1.19 44.2836832301 0.236655407187
0.839 43.4104143734 0.209549982904
1.01 44.835860554 0.322525273833
0.521 42.387525323 0.184037573567
0.475 42.1139203511 0.248548172881
0.95 43.8364762181 0.222117064104
1.3 44.8687556563 0.217324926249
1.4 42.9259149014 1.07792101581
1.305 44.6420998553 0.249576425145
0.216 40.5426584948 0.231050242645
0.735 43.1000774659 0.185908921392
1.14 44.2011896159 0.364467879127
1.307 45.1191615825 0.265400797402
1.265 44.8535903247 0.224124266884
0.67 43.1550267844 0.186583218843
0.64 42.9104214351 0.186744572784
1.34 45.0024532701 0.267856909216
0.84 43.5102466754 0.194732639155
0.935 43.5500467052 0.215358476354
0.953 44.2912529866 0.971680645776
1.124 44.5764033273 0.198690905622
0.552 42.5302511229 0.105933336834
0.671 42.9914166016 0.121926562564
0.511 42.388163454 0.0899118005512
1.03 44.2516558833 0.142160782046
